$ANSIBLE_VAULT;1.1;AES256
63653235623237613266373834313565393031656338366330363337313063656463303761376535
3238656533626262656434613833346531363234386532610a646339393766316130303530363739
34313336313635636562393439653465663137313631383339353839323835343964313034353433
3065653236303765650a366164643731366137316433363836653663666339383963646330356139
36336462356531646537353932636363643030656234393133336563386230366464383633373831
63663536393435656637323961623062363362303530656334343037363430356164306561373935
32633338386236633933383934656237396239633563633663333734343537623863346465323737
37616166653361613131613330383935613231323031343839653936323361633733383838363362
30663032373333623233373063663662393464656430363832663133396263346633303335623339
36613561306666616133373963633065393638613530613265306334393164656531373863616164
363131616562643039636236613238663336
